0.725276
-0.415798
-0.567112
0.406976
-1.91278
-0.506642
2.06746
-1.44397
-0.0194066
0.378797
0.980701
-2.36173
0.34322
0.711892
-1.13228
-0.133873
-1.10479
0.563798
0.468778
-0.409244
-0.11242
-0.296931
0.809525
0.560755
1.9575
0.754722
-0.211405
0.426364
0.730457
-0.533871
-0.793865
-0.223229
-1.82101
0.797888
-0.122578
-0.31857
-1.25723
0.298662
-1.44621
-1.0051
-0.512159
0.656239
-0.908163
-1.3558
-0.312658
-0.693577
-0.716263
-2.48894
-0.47004
-1.11111
-0.82806
-0.397673
-2.17802
-1.43796
0.18104
0.531918
0.604403
0.509479
0.489317
0.0807696
-0.212339
1.23336
0.795773
0.431491
-1.69131
-0.717932
0.97944
0.85555
-0.117924
0.545051
0.696708
0.488243
0.370233
1.1658
-1.2608
1.77561
-0.350873
-1.25972
-0.838164
-0.924639
1.15217
-0.827077
0.864982
0.922462
0.403823
-1.56028
-1.25645
-0.503873
0.339465
0.377594
-0.17055
2.6952
1.2149
1.03433
0.925743
-0.683291
-0.429934
1.11661
-0.864266
0.712018
-0.788898
-1.86197
0.998081
1.00169
0.138522
-2.04721
-0.351725
0.36853
0.165422
0.537339
0.0862941
-1.02039
0.0176525
-1.30984
-1.48883
1.31469
1.03904
0.916963
-0.101938
0.411835
1.29678
0.523334
0.4872
1.66079
-0.0478979
-2.36414
-1.69947
1.40858
1.50509
0.922339
0.409179
0.377215
0.119413
0.467014
0.176149
0.691643
-0.798523
-0.263952
0.329565
0.471543
1.41126
0.238203
1.20812
0.496123
-0.233278
-0.0859095
-0.552725
-0.213442
0.120212
-2.02173
0.0901222
0.177835
-0.606091
-1.42201
0.268648
2.8545
1.26537
-0.767771
-2.12992
0.43691
0.32431
0.0970657
-0.404377
1.32248
0.578519
0.111512
1.2407
-1.15044
0.605358
0.90363
0.5142
0.455584
-0.324892
-1.59814
0.786907
-0.66594
0.577912
0.220141
-0.128404
-0.406255
-0.12203
0.13228
-0.492728
1.54527
0.0423865
0.803379
-0.487845
1.02425
0.0900984
0.138007
-1.50604
0.252502
-0.578257
-2.83645
0.139168
-1.01062
0.31852
0.0264121
-0.650573
0.49719
-0.877839
-1.87835
-1.30598
0.190508
-0.505015
0.411241
-0.772659
-0.65459
0.8681
-0.583477
0.466666
-0.802732
-0.721656
0.20521
-0.189084
-0.336737
0.594893
-0.776795
-0.0216658
-0.0740819
0.492402
0.676154
-0.512565
0.83619
0.083419
0.288443
-0.831639
0.319242
0.486456
0.073412
-1.3813
-0.858946
-2.17018
1.11862
-1.42103
1.75549
0.057539
-1.29862
-0.39732
-0.285715
0.646804
-0.0887019
-0.399226
-0.0940362
0.0295401
0.924619
-0.220391
1.3851
1.24821
-0.64773
-0.903614
0.393539
-0.609573
-0.0101808
0.309641
-1.41841
-0.466736
-0.239354
-1.29437
0.0602603
-0.19606
-0.58506
1.24549
-0.402414
1.74894
-0.845658
-2.11632
1.55007
-1.24714
-1.25512
-1.0701
1.0364
0.044726
1.11761
0.568775
-0.450217
1.00807
-0.656077
0.667831
-1.09511
-0.010202
0.141969
-1.13049
-1.85452
0.724335
-0.674491
0.692628
-0.860598
0.53523
1.58558
0.936106
-1.40984
0.925701
-0.796692
1.64047
-0.868548
1.00224
0.812599
-0.896628
1.01266
-0.867399
-1.14583
0.285465
2.02474
-2.4383
1.11749
-1.1002
0.513064
0.779262
0.219769
-1.33565
-0.0519734
-0.87643
1.9224
0.423422
0.0485123
-0.934431
-1.3637
-0.860749
1.18677
-2.47681
0.417707
-0.959244
1.01306
0.485323
0.963321
0.476636
0.698003
1.47226
-0.229452
-2.02177
-0.896369
0.608353
0.994074
-3.11998
0.416645
-2.02196
0.528596
0.192916
-1.41746
-0.39221
-0.767933
-0.980921
0.822219
1.32125
1.72506
-0.332178
-1.01774
-0.0359803
0.946588
-1.76969
-0.0255357
0.320375
0.0770798
1.70146
0.595084
0.92699
0.669715
0.181303
0.0239358
1.95751
-0.45909
-1.28838
2.38714
-1.09532
-1.3344
0.573258
-0.443476
-0.743429
1.2354
-1.64748
0.223234
-0.221535
0.062203
0.658527
0.118796
-1.55542
-0.95207
0.98839
0.373711
0.384529
0.681939
1.76712
0.155922
0.589192
-0.0907589
-1.58104
1.20823
-1.06515
-0.693071
-1.12332
0.621519
-0.487243
-0.382385
0.779747
-0.489813
-0.657516
-0.309193
0.741016
-0.775232
0.763011
-0.34778
0.978802
-0.2182
0.626676
0.98985
1.83949
0.507018
0.77469
0.868142
-0.532486
-0.216589
0.123561
0.32842
1.50648
-0.504609
-1.75738
0.155946
-1.26399
1.7903
0.625332
-0.108338
-0.626804
1.19025
-1.01931
0.393055
-0.991045
-0.633641
0.0634772
1.65822
0.506302
0.728567
-0.544751
-1.08168
-0.33454
-0.00150023
0.40813
-1.80039
0.703856
-0.0679469
0.633664
1.66341
2.03932
0.11466
1.65513
0.237921
-0.0404026
-0.852591
0.105798
-0.183281
-0.883391
-1.1452
1.31162
0.00784271
0.477596
0.516695
0.470579
-0.80587
1.07279
0.104705
0.279255
-0.821612
-0.656419
0.680762
0.0556706
-0.625606
2.46262
0.284954
-0.88698
2.76366
0.0855176
-0.433362
-0.430362
0.502199
-1.11889
0.73555
0.630658
0.416338
-2.61588
-0.341237
0.275259
0.569432
0.610195
-1.32003
-0.209994
0.155265
-0.323898
0.277256
0.288296
2.21658
1.23473
0.525087
-0.352056
1.06548
-0.816737
0.350292
0.0745626
-1.45901
-1.26535
0.0579064
-0.924212
0.128919
0.164226
-0.37868
0.108753
0.0720964
0.547516
-0.920741
0.965853
-0.0302114
0.473759
1.11053
1.17855
-0.000610969
-1.19407
0.520221
-0.380357
1.32638
1.28192
2.39996
-0.220355
-0.329649
0.975316
1.0059
-1.83347
-1.39009
1.38801
-1.08221
-0.797136
0.241065
0.285362
-1.25586
-0.424478
1.2829
-0.394638
0.0457938
-0.20643
1.00254
-1.05038
1.36206
-2.48019
-1.53056
0.733427
1.39361
0.867505
0.518628
-0.842367
0.194202
-2.19154
0.193459
-0.521472
-1.50717
0.333287
-0.00168245
0.736416
0.575065
-0.276806
-0.646764
0.66688
-1.72853
-1.24933
0.129491
-0.712893
0.454975
1.3534
1.06881
-1.51157
-2.20878
-0.725425
0.915222
0.992574
0.84743
1.09648
-0.428276
-0.0630181
-1.37023
1.29088
0.767603
-0.154573
0.11072
-3.17239
-0.872644
0.0589347
-0.80525
1.10058
0.540774
0.661545
-0.858189
-0.899409
0.573605
-2.18595
0.251991
-1.386
-0.113456
-1.00626
0.440091
-0.253402
-0.934524
-0.526889
0.736696
-1.85984
-0.779327
-0.638478
-0.637963
-1.39278
-0.518281
-0.76659
0.277577
-0.715225
-1.98798
0.0470448
-0.208479
-1.01875
0.186754
0.832093
0.257394
1.35094
0.423673
-0.47375
-0.755276
1.73163
-0.284387
0.440635
-0.103556
-1.29087
1.34922
1.15269
-0.994698
-1.51001
-1.68904
0.148874
-0.390655
-0.75534
0.567544
-0.504523
-0.684808
-1.14827
0.0709821
-0.949219
-0.566621
0.837556
0.627521
1.90778
0.236258
-0.22128
0.509302
-1.41733
-0.78568
0.626016
0.511654
-0.449158
-1.31233
-1.2075
-1.19317
0.721983
-0.767547
0.194115
0.016057
1.1957
1.352
0.224989
-0.123926
0.878829
-1.09637
-0.719461
1.24617
-0.258764
-1.71662
1.06686
1.76853
-1.17232
0.510882
0.812847
-0.772956
-0.281806
0.527405
0.333831
-1.52649
-0.463617
0.0852127
-0.232604
0.591477
1.65976
1.43998
1.11927
-0.830614
0.441813
0.767469
-0.77714
-0.580346
-1.34977
0.329187
-0.335523
1.11626
-1.3416
1.12036
0.705806
0.952573
-1.61889
-0.0750594
0.988345
1.37801
0.932997
0.617506
0.372986
-0.753929
0.293587
-1.26122
0.0539936
0.0721086
1.05282
-0.994623
-0.76337
-1.66549
1.29985
-0.291685
-2.02888
-0.920066
-0.153816
-0.970185
0.717218
-0.871468
2.13313
0.387695
-1.01272
-0.615244
0.713973
0.580067
2.04824
0.680972
2.81642
-1.73462
-0.864862
-1.69173
0.244188
-1.74088
-1.47549
-0.115754
1.30782
-0.749837
-1.46535
0.806384
-0.182565
1.25686
0.0392485
-0.630442
1.34402
2.27066
1.55299
-0.331452
1.854
0.506444
-0.235459
0.618293
0.242178
0.201172
1.6035
-0.183511
-2.0553
-0.219115
0.236127
0.648857
0.343113
-0.919688
1.50699
-0.717867
1.05797
1.34464
-0.409068
0.101981
-0.210982
-1.24319
0.709561
-1.34115
0.539826
-2.50511
0.362676
0.81624
1.98482
1.04835
-1.58295
0.294615
-0.716313
-0.0401506
0.709562
0.149702
-1.70983
0.389304
0.338582
0.51884
0.87229
-0.631311
0.75362
-0.418007
0.609456
-0.599462
1.18451
-1.28753
0.232218
-0.687269
-0.833856
0.231422
-0.826937
-0.603733
0.0150562
0.79913
-1.23643
-1.79154
-1.18835
1.04787
-1.39909
-1.50921
-1.79099
-0.129531
-0.934381
0.651055
-0.869796
-1.20955
1.09532
-1.42473
-2.3141
0.502345
0.364987
0.782948
-0.74418
1.40211
0.542218
-0.95838
0.571217
0.167342
-0.245227
1.06847
-0.916575
0.260951
-0.201673
0.312599
-0.571883
-0.535237
-1.93657
2.03982
1.39786
-1.62532
0.227473
-0.408876
0.744158
-0.123582
-0.461791
0.998
-1.17003
0.803364
-0.794247
1.35651
0.107855
-0.196686
-0.106064
-1.04555
0.0224433
1.38673
-1.76539
1.63098
0.392445
0.876474
1.03708
-0.543775
0.39122
0.995922
-1.51536
1.1834
-0.242352
-0.0585549
-0.531607
-0.137771
1.04349
0.655575
1.24087
0.548018
-0.928592
-0.484136
-1.13454
-0.943127
-0.359922
0.07038
-0.175071
-0.130494
0.0471564
0.293057
1.65257
-1.83599
-0.405856
0.659141
-0.497731
0.628133
1.3354
-0.279026
-0.821101
-2.36083
0.675215
-0.164643
0.370106
-1.52545
1.07499
-0.0773543
-0.681867
-1.05824
0.699194
1.1483
-0.145575
1.06489
0.375541
0.875766
0.221854
-1.06409
1.33224
0.647776
-0.394873
-0.63228
-0.874417
-1.58025
0.747905
-0.0405937
0.768337
-0.304112
-2.25924
0.889149
0.522294
1.11573
-0.100108
0.267623
-0.187956
0.213965
-0.353973
-0.115671
0.292162
1.6891
0.116833
-0.848642
1.75742
0.0400015
0.579388
0.598431
0.505499
-1.05951
-1.74357
0.266293
1.33802
-0.834079
0.650402
0.613039
-0.418959
-1.94036
0.947419
-0.717053
-0.333227
0.334942
1.15047
-2.28701
0.141117
0.310379
0.0294138
-0.241192
0.0239588
0.188751
-0.331427
0.33899
1.4163
1.22819
0.411153
-2.04454
1.40388
0.317325
0.641462
1.12995
0.301698
0.719632
0.58415
0.403006
-1.32068
-0.759589
-0.352201
-0.0118688
2.86571
0.547557
0.447585
0.36199
0.779553
0.108067
0.370211
1.36513
0.570338
0.180938
1.01549
0.622097
-1.91167
0.481959
1.10957
0.161207
-0.100028
-1.18961
-0.173897
-0.521702
-0.375474
-1.36497
0.430572
0.447405
-0.260178
-1.05584
-0.287831
-0.665282
-0.0482092
-0.391719
-1.49309
-0.899419
-1.00338
0.0157631
1.63961
-0.485631
0.519508
-0.653098
1.19727
0.509661
0.30987
0.539217
-0.716823
0.359187
